00439384.xml false 01624 0.791 0.212 0.108 0.155 0.202 0.245 0.286 0.322 0.356 0.388 0.417 0.445
00439039.xml true 01986 0.185 0.185 0.080 0.120 0.158 0.194 0.227 0.259 0.288 0.316 0.342 0.367
00439196.xml true 01873 0.201 0.201 0.106 0.163 0.220 0.270 0.316 0.357 0.394 0.428 0.459 0.487
00439101.xml true 01987 0.137 0.137 0.074 0.109 0.144 0.177 0.208 0.238 0.267 0.294 0.320 0.344
00439256.xml true 01966 0.167 0.167 0.106 0.153 0.199 0.241 0.280 0.315 0.349 0.379 0.408 0.435
00439064.xml true 02049 0.133 0.133 0.078 0.120 0.159 0.196 0.231 0.263 0.293 0.322 0.348 0.374
00439249.xml true 01929 0.231 0.231 0.110 0.166 0.226 0.281 0.329 0.372 0.411 0.447 0.479 0.509
00439102.xml true 02054 0.155 0.155 0.084 0.122 0.160 0.196 0.230 0.262 0.293 0.321 0.348 0.374
00439257.xml true 01953 0.174 0.174 0.093 0.140 0.188 0.232 0.271 0.307 0.339 0.369 0.396 0.422
00439226.xml false 01586 0.199 0.199 0.104 0.154 0.205 0.253 0.296 0.335 0.370 0.402 0.432 0.460
00439198.xml true 02020 0.195 0.195 0.095 0.153 0.209 0.262 0.309 0.351 0.389 0.424 0.455 0.484
00439346.xml true 01973 0.200 0.200 0.106 0.160 0.213 0.263 0.309 0.349 0.386 0.420 0.451 0.478
00439355.xml true 01970 0.192 0.192 0.094 0.143 0.194 0.242 0.286 0.324 0.359 0.391 0.420 0.447
00439215.xml true 01951 0.230 0.230 0.102 0.165 0.227 0.283 0.332 0.376 0.415 0.450 0.482 0.511
00439365.xml true 01969 0.175 0.175 0.097 0.146 0.198 0.246 0.290 0.330 0.367 0.400 0.430 0.458
00439271.xml true 01975 0.180 0.180 0.106 0.161 0.217 0.267 0.312 0.353 0.390 0.424 0.455 0.483
00439351.xml true 01999 0.181 0.181 0.099 0.147 0.193 0.236 0.275 0.310 0.343 0.373 0.402 0.428
00439163.xml true 01974 0.139 0.139 0.071 0.111 0.151 0.189 0.224 0.256 0.286 0.314 0.341 0.367
00439339.xml true 01960 0.183 0.183 0.098 0.149 0.202 0.248 0.289 0.325 0.358 0.389 0.417 0.443
00439185.xml true 01950 0.221 0.221 0.098 0.148 0.199 0.248 0.291 0.329 0.365 0.398 0.428 0.457
00439211.xml true 01973 0.290 0.290 0.116 0.196 0.274 0.342 0.399 0.448 0.490 0.527 0.560 0.589
00439076.xml true 02008 0.137 0.137 0.072 0.114 0.154 0.191 0.226 0.259 0.289 0.317 0.344 0.370
00439167.xml true 01942 0.135 0.135 0.076 0.109 0.144 0.178 0.210 0.241 0.270 0.297 0.323 0.347
00439342.xml true 01954 0.309 0.309 0.146 0.216 0.285 0.345 0.397 0.441 0.480 0.515 0.545 0.573
00439031.xml true 00603 0.300 0.300 0.155 0.236 0.308 0.370 0.421 0.465 0.503 0.536 0.565 0.592
00439174.xml true 01972 0.256 0.256 0.122 0.187 0.253 0.310 0.359 0.403 0.442 0.477 0.508 0.537
00439424.xml true 02008 0.257 0.257 0.146 0.218 0.285 0.343 0.392 0.435 0.472 0.504 0.534 0.560
00439233.xml true 01928 0.231 0.231 0.130 0.189 0.250 0.307 0.357 0.401 0.441 0.476 0.508 0.537
00439095.xml true 02000 0.157 0.157 0.084 0.126 0.171 0.212 0.249 0.284 0.316 0.346 0.374 0.400
00439368.xml true 02035 0.134 0.134 0.076 0.113 0.151 0.186 0.220 0.251 0.281 0.309 0.336 0.361
00439105.xml true 02022 0.144 0.144 0.080 0.118 0.156 0.191 0.224 0.256 0.285 0.313 0.339 0.364
00439024.xml true 01299 0.467 0.467 0.199 0.299 0.390 0.462 0.520 0.567 0.607 0.640 0.669 0.695
00439149.xml true 01496 0.203 0.203 0.111 0.161 0.210 0.256 0.296 0.333 0.367 0.399 0.427 0.454
00439371.xml false 01937 0.864 0.317 0.135 0.213 0.289 0.356 0.412 0.459 0.499 0.535 0.567 0.595
00439179.xml true 01959 0.236 0.236 0.102 0.168 0.232 0.290 0.342 0.386 0.426 0.461 0.492 0.521
00439401.xml true 01987 0.147 0.147 0.082 0.127 0.170 0.209 0.246 0.279 0.310 0.339 0.365 0.390
00439117.xml true 02030 0.239 0.239 0.118 0.173 0.234 0.290 0.338 0.379 0.415 0.447 0.476 0.502
00439325.xml true 01996 0.209 0.209 0.107 0.164 0.221 0.271 0.314 0.353 0.388 0.419 0.448 0.474
00439363.xml true 01988 0.209 0.209 0.095 0.141 0.189 0.234 0.274 0.310 0.344 0.375 0.403 0.431
00439263.xml true 01966 0.265 0.265 0.093 0.145 0.198 0.246 0.290 0.329 0.364 0.396 0.426 0.453
00439067.xml true 02045 0.152 0.152 0.085 0.125 0.166 0.203 0.238 0.271 0.301 0.330 0.357 0.383
00439305.xml true 01948 0.201 0.201 0.121 0.173 0.226 0.273 0.316 0.354 0.389 0.421 0.451 0.479
00439269.xml true 01977 0.263 0.263 0.102 0.162 0.222 0.274 0.320 0.362 0.399 0.434 0.465 0.494
00439029.xml true 01236 0.146 0.146 0.081 0.129 0.174 0.214 0.250 0.284 0.316 0.346 0.373 0.399
00439165.xml true 01929 0.190 0.190 0.095 0.144 0.195 0.242 0.285 0.323 0.357 0.389 0.418 0.445
00439265.xml true 01935 0.226 0.226 0.116 0.168 0.227 0.279 0.325 0.366 0.402 0.436 0.467 0.495
00439281.xml true 01982 0.217 0.217 0.106 0.160 0.212 0.261 0.305 0.345 0.382 0.416 0.447 0.476
00439061.xml true 02012 0.152 0.152 0.090 0.134 0.176 0.215 0.251 0.286 0.318 0.349 0.379 0.407
00439182.xml true 01983 0.237 0.237 0.108 0.167 0.225 0.277 0.323 0.364 0.401 0.435 0.465 0.493
00439358.xml true 01949 0.204 0.204 0.108 0.163 0.217 0.268 0.313 0.354 0.391 0.425 0.456 0.484
00439112.xml true 02065 0.147 0.147 0.085 0.128 0.172 0.212 0.250 0.284 0.315 0.345 0.372 0.397
00439350.xml true 01981 0.261 0.261 0.124 0.193 0.263 0.325 0.378 0.426 0.468 0.505 0.539 0.569
00439417.xml true 01960 0.233 0.233 0.126 0.192 0.254 0.309 0.357 0.399 0.436 0.469 0.500 0.527
00439107.xml false 02021 0.806 0.166 0.099 0.146 0.191 0.233 0.270 0.303 0.334 0.363 0.390 0.415
00439028.xml true 01470 0.156 0.156 0.093 0.137 0.183 0.225 0.264 0.299 0.332 0.363 0.391 0.417
00439183.xml true 01926 0.268 0.268 0.117 0.187 0.255 0.316 0.370 0.418 0.461 0.499 0.533 0.564
00439099.xml false 02046 0.142 0.142 0.080 0.119 0.158 0.194 0.228 0.259 0.288 0.314 0.339 0.363
00439021.xml true 01441 0.341 0.341 0.179 0.268 0.342 0.405 0.458 0.502 0.540 0.573 0.601 0.626
00439273.xml true 01971 0.263 0.263 0.139 0.209 0.281 0.341 0.392 0.435 0.473 0.507 0.537 0.564
00439236.xml true 01962 0.216 0.216 0.123 0.176 0.234 0.287 0.334 0.376 0.413 0.447 0.478 0.505
00439399.xml true 02012 0.154 0.154 0.084 0.133 0.178 0.218 0.254 0.288 0.319 0.349 0.376 0.401
00439169.xml true 02002 0.201 0.201 0.103 0.153 0.207 0.255 0.298 0.337 0.373 0.406 0.436 0.464
00439250.xml true 01989 0.182 0.182 0.097 0.144 0.194 0.240 0.282 0.321 0.357 0.390 0.420 0.448
00439313.xml true 01908 0.204 0.204 0.100 0.148 0.200 0.249 0.294 0.335 0.372 0.406 0.437 0.465
00439328.xml true 01983 0.203 0.203 0.101 0.154 0.206 0.253 0.295 0.332 0.366 0.397 0.426 0.453
00439317.xml true 01945 0.293 0.293 0.105 0.159 0.212 0.262 0.308 0.349 0.386 0.420 0.451 0.479
00439045.xml true 01988 0.161 0.161 0.085 0.129 0.176 0.221 0.261 0.298 0.332 0.363 0.392 0.420
00439299.xml true 01916 0.155 0.155 0.084 0.131 0.177 0.222 0.263 0.300 0.334 0.365 0.394 0.422
00439372.xml true 01974 0.167 0.167 0.090 0.138 0.186 0.231 0.272 0.310 0.344 0.376 0.406 0.434
00439123.xml true 02015 0.289 0.289 0.104 0.156 0.206 0.254 0.296 0.335 0.369 0.401 0.430 0.457
00439300.xml true 01849 0.157 0.157 0.083 0.124 0.166 0.207 0.244 0.279 0.312 0.343 0.371 0.399
00439170.xml false 01548 0.365 0.175 0.095 0.141 0.191 0.237 0.278 0.314 0.347 0.378 0.406 0.432
00439150.xml false 00697 0.333 0.268 0.125 0.189 0.245 0.294 0.338 0.378 0.414 0.446 0.476 0.503
00439280.xml true 01925 0.215 0.215 0.109 0.168 0.225 0.278 0.324 0.366 0.404 0.438 0.471 0.500
00439244.xml true 01977 0.179 0.179 0.093 0.142 0.192 0.238 0.280 0.318 0.353 0.384 0.413 0.440
00439046.xml false 01638 0.155 0.158 0.083 0.127 0.172 0.213 0.251 0.286 0.319 0.349 0.376 0.402
00439386.xml true 02001 0.156 0.156 0.083 0.127 0.169 0.208 0.244 0.277 0.309 0.339 0.367 0.394
00439104.xml false 01671 0.362 0.150 0.074 0.113 0.150 0.185 0.216 0.245 0.273 0.298 0.323 0.346
00439413.xml true 01989 0.169 0.169 0.089 0.133 0.173 0.211 0.247 0.281 0.312 0.342 0.371 0.397
00439348.xml false 01555 0.206 0.206 0.108 0.159 0.214 0.261 0.302 0.339 0.372 0.403 0.431 0.457
00439409.xml true 02039 0.143 0.143 0.078 0.119 0.158 0.195 0.229 0.261 0.290 0.318 0.344 0.368
00439141.xml true 02022 0.190 0.190 0.086 0.137 0.188 0.234 0.275 0.311 0.344 0.374 0.402 0.428
00439286.xml true 01917 0.216 0.216 0.112 0.172 0.231 0.284 0.331 0.372 0.408 0.441 0.472 0.499
00439137.xml true 02006 0.234 0.234 0.121 0.174 0.231 0.283 0.329 0.371 0.408 0.442 0.474 0.503
00439375.xml true 02014 0.190 0.190 0.091 0.143 0.198 0.248 0.292 0.332 0.368 0.402 0.433 0.461
00439420.xml true 02028 0.146 0.146 0.075 0.115 0.154 0.190 0.223 0.253 0.282 0.309 0.335 0.359
00439125.xml true 02032 0.155 0.155 0.083 0.129 0.172 0.209 0.243 0.274 0.303 0.330 0.355 0.378
00439318.xml true 01988 0.241 0.241 0.110 0.171 0.229 0.280 0.327 0.369 0.407 0.441 0.472 0.501
00439388.xml true 01997 0.155 0.155 0.093 0.136 0.178 0.218 0.256 0.291 0.324 0.355 0.384 0.411
00439175.xml true 01951 0.161 0.161 0.091 0.133 0.178 0.220 0.260 0.296 0.329 0.360 0.389 0.416
00439113.xml true 02018 0.183 0.183 0.106 0.155 0.202 0.246 0.286 0.323 0.357 0.388 0.417 0.444
00439049.xml true 02003 0.132 0.132 0.081 0.119 0.158 0.195 0.229 0.262 0.293 0.322 0.350 0.376
00439329.xml true 01958 0.185 0.185 0.104 0.152 0.203 0.248 0.290 0.327 0.361 0.392 0.421 0.447
00439190.xml true 01928 0.210 0.210 0.102 0.154 0.205 0.250 0.290 0.327 0.361 0.392 0.420 0.447
00439311.xml true 02014 0.170 0.170 0.088 0.138 0.188 0.232 0.273 0.311 0.346 0.378 0.409 0.437
00439162.xml false 01564 0.184 0.184 0.095 0.135 0.177 0.216 0.251 0.284 0.314 0.342 0.369 0.393
00439343.xml true 01936 0.223 0.223 0.111 0.170 0.228 0.282 0.329 0.371 0.409 0.443 0.475 0.503
00439206.xml true 01942 0.176 0.176 0.083 0.133 0.187 0.234 0.276 0.314 0.349 0.382 0.412 0.440
00439184.xml true 01950 0.349 0.349 0.107 0.158 0.213 0.264 0.309 0.350 0.386 0.418 0.448 0.476
00439210.xml true 01965 0.266 0.266 0.127 0.210 0.285 0.348 0.401 0.447 0.486 0.522 0.553 0.582
00439332.xml true 02004 0.207 0.207 0.096 0.150 0.204 0.253 0.298 0.338 0.374 0.408 0.439 0.467
00439396.xml true 01956 0.172 0.172 0.102 0.149 0.196 0.239 0.278 0.314 0.348 0.380 0.410 0.437
00439088.xml false 01714 0.150 0.152 0.084 0.123 0.162 0.197 0.230 0.261 0.290 0.317 0.343 0.367
00439261.xml true 01932 0.286 0.286 0.116 0.196 0.271 0.335 0.388 0.434 0.474 0.509 0.540 0.568
00439268.xml true 01996 0.175 0.175 0.099 0.148 0.196 0.239 0.279 0.315 0.349 0.380 0.409 0.436
00439366.xml true 01966 0.216 0.216 0.118 0.175 0.232 0.283 0.330 0.373 0.412 0.448 0.481 0.512
00439308.xml true 01919 0.138 0.138 0.079 0.114 0.149 0.182 0.214 0.243 0.270 0.296 0.321 0.345
00439189.xml true 01929 0.249 0.249 0.090 0.145 0.201 0.251 0.296 0.335 0.370 0.402 0.431 0.457
00439168.xml true 02002 0.205 0.205 0.101 0.156 0.210 0.261 0.306 0.346 0.383 0.415 0.445 0.472
00439230.xml true 01900 0.204 0.204 0.107 0.163 0.220 0.274 0.321 0.364 0.401 0.436 0.467 0.495
00439130.xml false 01970 0.223 0.223 0.119 0.172 0.227 0.278 0.323 0.363 0.399 0.431 0.461 0.488
00439222.xml true 01887 0.218 0.218 0.103 0.159 0.213 0.261 0.305 0.345 0.381 0.415 0.445 0.473
00439219.xml true 01937 0.504 0.504 0.188 0.280 0.367 0.439 0.497 0.544 0.584 0.618 0.648 0.674
00439171.xml true 01939 0.150 0.150 0.090 0.125 0.163 0.201 0.236 0.269 0.301 0.330 0.358 0.385
00439158.xml false 01668 0.158 0.158 0.081 0.126 0.169 0.209 0.246 0.280 0.312 0.343 0.371 0.398
00439166.xml true 01953 0.173 0.173 0.084 0.133 0.187 0.236 0.280 0.319 0.356 0.389 0.420 0.449
00439027.xml true 01480 0.189 0.189 0.095 0.145 0.194 0.238 0.279 0.316 0.350 0.382 0.411 0.438
00439042.xml true 02048 0.130 0.130 0.079 0.115 0.150 0.183 0.215 0.245 0.273 0.299 0.324 0.347
00439078.xml true 02051 0.206 0.206 0.119 0.179 0.235 0.286 0.331 0.371 0.408 0.440 0.469 0.496
00439065.xml true 02009 0.135 0.135 0.078 0.114 0.150 0.185 0.217 0.246 0.273 0.298 0.322 0.344
00439191.xml true 01941 0.175 0.175 0.090 0.135 0.183 0.228 0.268 0.304 0.337 0.366 0.394 0.419
00439297.xml true 01959 0.363 0.363 0.101 0.161 0.220 0.274 0.323 0.367 0.406 0.442 0.475 0.505
00439338.xml true 01991 0.196 0.196 0.106 0.158 0.211 0.258 0.301 0.339 0.375 0.408 0.438 0.466
00439246.xml false 01458 0.335 0.335 0.128 0.190 0.258 0.319 0.371 0.416 0.456 0.492 0.524 0.553
00439111.xml true 02061 0.189 0.189 0.107 0.159 0.210 0.255 0.296 0.334 0.369 0.401 0.430 0.457
00439391.xml true 01982 0.143 0.143 0.078 0.122 0.164 0.201 0.236 0.268 0.298 0.326 0.353 0.377
00439221.xml true 01955 0.167 0.167 0.088 0.134 0.182 0.226 0.266 0.303 0.337 0.368 0.397 0.424
00439283.xml true 01661 0.246 0.246 0.120 0.186 0.251 0.307 0.356 0.401 0.440 0.475 0.507 0.536
00439352.xml true 01980 0.193 0.193 0.078 0.118 0.155 0.190 0.223 0.253 0.282 0.309 0.335 0.358
00439316.xml true 01980 0.155 0.155 0.088 0.130 0.172 0.212 0.248 0.282 0.312 0.341 0.368 0.394
00439279.xml true 01971 0.265 0.265 0.151 0.215 0.281 0.339 0.389 0.431 0.469 0.503 0.533 0.561
00439310.xml true 01992 0.158 0.158 0.082 0.122 0.165 0.207 0.245 0.280 0.312 0.343 0.371 0.398
00439114.xml true 02024 0.148 0.148 0.094 0.134 0.174 0.213 0.249 0.281 0.312 0.339 0.365 0.389
00439085.xml true 02048 0.166 0.166 0.083 0.129 0.176 0.218 0.256 0.289 0.320 0.348 0.375 0.399
00439218.xml true 01944 0.412 0.412 0.211 0.313 0.406 0.480 0.538 0.586 0.625 0.658 0.686 0.710
00439354.xml true 01988 0.179 0.179 0.099 0.147 0.196 0.241 0.283 0.320 0.355 0.386 0.415 0.442
00439320.xml true 01988 0.333 0.333 0.147 0.234 0.317 0.385 0.441 0.489 0.530 0.566 0.597 0.625
00439304.xml false 01593 0.188 0.188 0.098 0.145 0.193 0.236 0.275 0.311 0.344 0.374 0.402 0.429
00439405.xml true 01998 0.151 0.151 0.075 0.123 0.169 0.211 0.249 0.284 0.316 0.346 0.374 0.400
00439022.xml true 00341 0.246 0.246 0.139 0.197 0.253 0.296 0.333 0.365 0.393 0.419 0.443 0.466
00439180.xml true 01940 0.164 0.164 0.087 0.132 0.180 0.223 0.263 0.299 0.333 0.364 0.393 0.420
00439073.xml true 02041 0.145 0.145 0.085 0.128 0.168 0.207 0.242 0.274 0.305 0.333 0.359 0.385
00439156.xml true 01970 0.204 0.204 0.108 0.164 0.221 0.274 0.321 0.364 0.402 0.436 0.468 0.497
00439385.xml true 02025 0.145 0.145 0.072 0.117 0.161 0.202 0.240 0.275 0.308 0.338 0.366 0.392
00439108.xml true 02047 0.122 0.122 0.073 0.112 0.149 0.183 0.215 0.245 0.273 0.300 0.325 0.350
00439093.xml true 01700 0.164 0.164 0.096 0.142 0.189 0.232 0.271 0.307 0.341 0.373 0.402 0.430
00439389.xml true 01991 0.178 0.178 0.104 0.152 0.205 0.253 0.297 0.336 0.372 0.405 0.435 0.462
00439128.xml true 01963 0.154 0.154 0.081 0.122 0.163 0.200 0.233 0.265 0.294 0.322 0.349 0.373
00439193.xml true 01963 0.154 0.154 0.081 0.117 0.158 0.198 0.236 0.270 0.301 0.330 0.358 0.383
00439187.xml false 01628 0.259 0.259 0.119 0.181 0.241 0.294 0.341 0.382 0.418 0.451 0.482 0.509
00439138.xml true 01996 0.162 0.162 0.088 0.128 0.170 0.210 0.247 0.281 0.312 0.342 0.370 0.396
00439090.xml true 02082 0.175 0.175 0.106 0.155 0.205 0.250 0.291 0.328 0.362 0.394 0.423 0.450
00439287.xml true 01958 0.194 0.194 0.101 0.159 0.212 0.261 0.306 0.346 0.382 0.414 0.444 0.471
00439143.xml false 01981 0.204 0.204 0.117 0.169 0.227 0.280 0.326 0.368 0.405 0.439 0.469 0.497
00439254.xml true 01962 0.162 0.162 0.086 0.130 0.179 0.224 0.265 0.302 0.336 0.369 0.399 0.428
00439278.xml true 01888 0.245 0.245 0.116 0.183 0.247 0.304 0.353 0.397 0.436 0.470 0.502 0.531
00439376.xml true 01984 0.205 0.205 0.107 0.152 0.195 0.233 0.268 0.300 0.330 0.357 0.382 0.406
00439161.xml true 01908 0.175 0.175 0.092 0.143 0.194 0.239 0.279 0.317 0.350 0.382 0.411 0.439
00439292.xml true 02022 0.220 0.220 0.110 0.163 0.218 0.270 0.317 0.359 0.397 0.432 0.464 0.493
00439234.xml true 01945 0.175 0.175 0.092 0.141 0.188 0.232 0.272 0.308 0.342 0.373 0.403 0.431
00439136.xml true 02029 0.168 0.168 0.088 0.136 0.186 0.233 0.276 0.316 0.351 0.384 0.414 0.442
00439267.xml false 00624 0.470 0.447 0.165 0.262 0.344 0.412 0.468 0.514 0.554 0.589 0.619 0.646
00439217.xml true 01936 0.214 0.214 0.103 0.161 0.219 0.271 0.317 0.357 0.393 0.426 0.456 0.484
00439041.xml true 02079 0.127 0.127 0.072 0.110 0.148 0.183 0.216 0.247 0.277 0.306 0.333 0.359
00439402.xml true 02012 0.150 0.150 0.085 0.127 0.166 0.203 0.238 0.272 0.303 0.332 0.360 0.387
00439048.xml true 02052 0.143 0.143 0.076 0.113 0.151 0.186 0.218 0.248 0.277 0.304 0.330 0.355
00439177.xml true 01891 0.240 0.240 0.113 0.176 0.238 0.296 0.348 0.393 0.433 0.469 0.501 0.530
00439321.xml true 01973 0.298 0.298 0.099 0.152 0.204 0.251 0.294 0.331 0.365 0.396 0.424 0.451
00439397.xml false 01670 0.155 0.155 0.082 0.123 0.164 0.203 0.239 0.273 0.303 0.332 0.359 0.384
00439131.xml false 01972 0.187 0.187 0.096 0.145 0.193 0.238 0.279 0.317 0.352 0.384 0.414 0.441
00439422.xml true 02068 0.185 0.185 0.087 0.133 0.175 0.216 0.253 0.287 0.318 0.348 0.376 0.402
00439145.xml false 01987 0.193 0.193 0.104 0.156 0.206 0.252 0.294 0.332 0.367 0.400 0.430 0.458
00439203.xml true 01941 0.155 0.155 0.082 0.121 0.163 0.202 0.238 0.272 0.303 0.332 0.359 0.385
00439083.xml true 01973 0.147 0.147 0.088 0.131 0.175 0.216 0.253 0.288 0.320 0.349 0.377 0.402
00439116.xml true 02017 0.154 0.154 0.082 0.130 0.180 0.226 0.269 0.308 0.344 0.377 0.407 0.435
00439360.xml true 01972 0.239 0.239 0.085 0.139 0.196 0.248 0.295 0.337 0.375 0.409 0.441 0.470
00439421.xml true 02019 0.176 0.176 0.085 0.132 0.177 0.218 0.256 0.291 0.324 0.355 0.384 0.410
00439373.xml true 01982 0.170 0.170 0.094 0.142 0.187 0.229 0.267 0.303 0.335 0.364 0.391 0.416
00439080.xml false 02020 0.144 0.144 0.083 0.127 0.168 0.205 0.239 0.271 0.301 0.329 0.356 0.381
00439118.xml true 01957 0.151 0.151 0.082 0.121 0.160 0.196 0.230 0.262 0.292 0.320 0.346 0.372
00439232.xml true 01944 0.193 0.193 0.100 0.157 0.215 0.267 0.314 0.356 0.394 0.428 0.459 0.488
00439298.xml true 01950 0.153 0.153 0.082 0.128 0.173 0.215 0.252 0.287 0.318 0.348 0.376 0.402
00439053.xml true 01992 0.135 0.135 0.080 0.119 0.156 0.190 0.222 0.253 0.281 0.308 0.333 0.357
00439289.xml true 01913 0.246 0.246 0.097 0.149 0.203 0.249 0.292 0.330 0.364 0.395 0.424 0.449
00439081.xml true 02090 0.161 0.161 0.085 0.135 0.180 0.219 0.256 0.289 0.320 0.349 0.375 0.400
00439103.xml false 01976 0.148 0.148 0.079 0.119 0.158 0.195 0.229 0.260 0.289 0.317 0.342 0.366
00439225.xml true 01855 0.182 0.182 0.102 0.147 0.193 0.233 0.270 0.303 0.334 0.363 0.390 0.415
00439044.xml true 02051 0.320 0.320 0.153 0.243 0.321 0.386 0.440 0.486 0.526 0.561 0.591 0.619
00439121.xml true 02039 0.170 0.170 0.096 0.147 0.196 0.241 0.282 0.319 0.353 0.384 0.413 0.440
00439345.xml true 01967 0.183 0.183 0.099 0.150 0.203 0.250 0.293 0.333 0.369 0.402 0.432 0.461
00439192.xml true 01945 0.302 0.302 0.132 0.207 0.282 0.345 0.399 0.444 0.483 0.518 0.549 0.577
00439070.xml false 01566 0.238 0.238 0.138 0.201 0.265 0.321 0.369 0.412 0.451 0.487 0.519 0.548
00439341.xml false 01986 0.279 0.279 0.127 0.207 0.281 0.344 0.398 0.443 0.482 0.517 0.548 0.576
00439036.xml true 02044 0.160 0.160 0.082 0.133 0.181 0.224 0.263 0.299 0.332 0.363 0.391 0.418
00439285.xml true 01969 0.223 0.223 0.121 0.176 0.233 0.286 0.333 0.374 0.411 0.444 0.475 0.503
00439194.xml true 01977 0.222 0.222 0.105 0.151 0.199 0.243 0.282 0.318 0.352 0.382 0.411 0.438
00439303.xml true 01618 0.161 0.161 0.093 0.134 0.175 0.213 0.248 0.280 0.310 0.338 0.366 0.391
00439322.xml true 01998 0.179 0.179 0.084 0.136 0.186 0.232 0.274 0.312 0.346 0.377 0.406 0.432
00439172.xml true 01945 0.475 0.475 0.237 0.341 0.426 0.491 0.543 0.586 0.622 0.653 0.680 0.704
00439115.xml true 02031 0.177 0.177 0.093 0.139 0.183 0.224 0.261 0.296 0.329 0.359 0.386 0.412
00439051.xml true 02049 0.232 0.232 0.101 0.147 0.194 0.237 0.276 0.311 0.344 0.375 0.404 0.430
00439224.xml true 01984 0.205 0.205 0.078 0.122 0.167 0.209 0.248 0.283 0.316 0.346 0.374 0.400
00439052.xml true 02028 0.137 0.137 0.085 0.127 0.167 0.206 0.242 0.275 0.307 0.338 0.366 0.393
00439367.xml true 01972 0.175 0.175 0.106 0.159 0.210 0.257 0.300 0.340 0.377 0.411 0.442 0.472
00439260.xml true 01952 0.172 0.172 0.090 0.137 0.186 0.231 0.273 0.311 0.346 0.379 0.409 0.438
00439146.xml true 01995 0.195 0.195 0.111 0.160 0.213 0.261 0.305 0.345 0.381 0.414 0.444 0.472
00439019.xml false 00366 0.445 0.317 0.143 0.217 0.274 0.319 0.358 0.392 0.422 0.449 0.474 0.496
00439243.xml true 02024 0.191 0.191 0.092 0.137 0.187 0.233 0.275 0.313 0.348 0.380 0.410 0.437
00439264.xml true 01974 0.213 0.213 0.117 0.175 0.235 0.289 0.337 0.380 0.418 0.453 0.485 0.514
00439324.xml false 01589 0.231 0.231 0.117 0.175 0.231 0.279 0.321 0.358 0.392 0.422 0.451 0.476
00439336.xml true 01974 0.222 0.222 0.088 0.132 0.177 0.218 0.255 0.290 0.323 0.353 0.382 0.409
00439020.xml false 01297 0.220 0.220 0.105 0.161 0.216 0.263 0.305 0.342 0.376 0.407 0.435 0.462
00439387.xml true 02012 0.150 0.150 0.089 0.129 0.171 0.209 0.243 0.275 0.306 0.334 0.361 0.386
00439223.xml true 01902 0.167 0.167 0.094 0.139 0.185 0.227 0.265 0.300 0.332 0.361 0.389 0.415
00439380.xml true 01993 0.126 0.126 0.079 0.119 0.157 0.192 0.225 0.256 0.286 0.314 0.340 0.365
00439181.xml false 01926 0.215 0.215 0.112 0.157 0.205 0.249 0.290 0.327 0.361 0.393 0.422 0.449
00439023.xml false 01125 0.489 0.505 0.212 0.311 0.400 0.472 0.528 0.575 0.613 0.645 0.672 0.696
00439245.xml true 01824 0.138 0.138 0.073 0.117 0.157 0.195 0.229 0.262 0.292 0.321 0.347 0.373
00439199.xml true 01942 0.162 0.162 0.083 0.125 0.168 0.209 0.247 0.282 0.314 0.343 0.371 0.397
00439306.xml true 01947 0.150 0.150 0.082 0.121 0.158 0.194 0.227 0.258 0.287 0.314 0.339 0.363
00439255.xml true 01915 0.183 0.183 0.098 0.142 0.186 0.226 0.262 0.295 0.325 0.354 0.380 0.405
00439058.xml true 02042 0.139 0.139 0.086 0.123 0.161 0.196 0.229 0.260 0.290 0.317 0.344 0.368
00439277.xml true 01762 0.318 0.318 0.139 0.218 0.291 0.351 0.401 0.444 0.481 0.514 0.543 0.569
00439315.xml true 01981 0.215 0.215 0.125 0.182 0.238 0.289 0.336 0.379 0.418 0.453 0.485 0.514
00439086.xml true 02053 0.148 0.148 0.085 0.131 0.176 0.216 0.254 0.289 0.322 0.352 0.381 0.408
00439139.xml true 02008 0.161 0.161 0.095 0.136 0.180 0.221 0.259 0.293 0.324 0.353 0.380 0.405
00439054.xml true 01939 0.167 0.167 0.091 0.136 0.180 0.221 0.260 0.294 0.326 0.356 0.384 0.410
00439071.xml true 02057 0.162 0.162 0.088 0.138 0.188 0.232 0.272 0.308 0.342 0.374 0.404 0.432
00439096.xml true 02012 0.159 0.159 0.084 0.126 0.164 0.199 0.231 0.262 0.291 0.318 0.344 0.369
00439228.xml true 01937 0.165 0.165 0.099 0.147 0.195 0.238 0.277 0.312 0.345 0.376 0.404 0.430
00439423.xml true 02027 0.191 0.191 0.106 0.160 0.213 0.261 0.304 0.341 0.375 0.405 0.432 0.458
00439087.xml true 02054 0.178 0.178 0.089 0.143 0.195 0.242 0.283 0.321 0.355 0.386 0.415 0.443
00439154.xml true 01926 0.142 0.142 0.079 0.117 0.155 0.191 0.225 0.256 0.286 0.314 0.341 0.366
00439201.xml true 01945 0.380 0.380 0.088 0.138 0.191 0.238 0.281 0.320 0.356 0.388 0.418 0.446
00439209.xml false 01556 0.195 0.195 0.100 0.150 0.203 0.249 0.290 0.327 0.360 0.391 0.420 0.446
00439127.xml true 01941 0.156 0.156 0.084 0.126 0.168 0.208 0.244 0.277 0.308 0.337 0.364 0.390
00439063.xml true 02041 0.134 0.134 0.078 0.118 0.156 0.191 0.222 0.252 0.280 0.306 0.331 0.355
00439284.xml false 01535 0.228 0.227 0.095 0.159 0.222 0.277 0.325 0.368 0.407 0.441 0.472 0.500
00439035.xml true 01965 0.290 0.290 0.120 0.203 0.279 0.343 0.397 0.442 0.483 0.518 0.550 0.578
00439415.xml true 02052 0.138 0.138 0.076 0.117 0.157 0.194 0.229 0.262 0.292 0.321 0.349 0.375
00439251.xml true 01929 0.208 0.208 0.112 0.160 0.213 0.261 0.304 0.344 0.381 0.415 0.446 0.475
00439377.xml true 01991 0.164 0.164 0.086 0.137 0.185 0.229 0.269 0.305 0.338 0.369 0.398 0.425
00439425.xml false 00628 0.328 0.328 0.166 0.239 0.304 0.358 0.405 0.447 0.484 0.517 0.546 0.572
00439404.xml true 02010 0.212 0.212 0.120 0.178 0.237 0.290 0.337 0.380 0.418 0.453 0.485 0.514
00439072.xml true 02033 0.156 0.156 0.095 0.137 0.181 0.222 0.259 0.293 0.325 0.355 0.383 0.409
00439333.xml true 02000 0.236 0.236 0.099 0.156 0.217 0.274 0.324 0.367 0.406 0.440 0.471 0.499
00439294.xml true 01944 0.169 0.169 0.092 0.138 0.183 0.226 0.265 0.302 0.337 0.370 0.400 0.428
00439427.xml false 01297 0.895 0.385 0.164 0.234 0.310 0.374 0.428 0.473 0.512 0.547 0.578 0.606
00439057.xml true 02012 0.145 0.145 0.083 0.118 0.153 0.185 0.216 0.245 0.273 0.299 0.325 0.349
00439374.xml true 01974 0.216 0.216 0.109 0.170 0.231 0.283 0.329 0.370 0.406 0.439 0.469 0.498
00439229.xml true 01950 0.174 0.174 0.107 0.159 0.209 0.255 0.298 0.338 0.374 0.407 0.438 0.465
00439208.xml true 01942 0.193 0.193 0.088 0.137 0.188 0.234 0.275 0.312 0.346 0.377 0.406 0.432
00439326.xml true 01918 0.165 0.165 0.086 0.132 0.177 0.217 0.255 0.289 0.320 0.350 0.377 0.403
00439055.xml true 01998 0.140 0.140 0.077 0.118 0.158 0.195 0.229 0.261 0.291 0.319 0.347 0.373
00439398.xml true 01999 0.162 0.162 0.090 0.131 0.173 0.211 0.246 0.279 0.309 0.338 0.365 0.391
00439392.xml true 01985 0.141 0.141 0.077 0.116 0.156 0.192 0.225 0.257 0.286 0.314 0.340 0.365
00439060.xml true 02001 0.129 0.129 0.070 0.110 0.147 0.183 0.217 0.249 0.279 0.307 0.333 0.358
00439220.xml true 01931 0.295 0.295 0.153 0.224 0.295 0.357 0.410 0.455 0.495 0.530 0.562 0.591
00439142.xml true 02015 0.172 0.172 0.101 0.147 0.195 0.240 0.281 0.319 0.354 0.386 0.416 0.444
00439410.xml true 02045 0.159 0.159 0.082 0.132 0.178 0.219 0.258 0.293 0.326 0.357 0.385 0.411
00439157.xml true 01978 0.178 0.178 0.096 0.144 0.193 0.237 0.277 0.314 0.347 0.379 0.408 0.436
00439164.xml true 01977 0.134 0.134 0.076 0.115 0.153 0.189 0.222 0.253 0.282 0.309 0.335 0.360
00439323.xml true 01645 0.260 0.260 0.131 0.209 0.278 0.341 0.393 0.439 0.480 0.516 0.549 0.578
00439151.xml true 02039 0.132 0.132 0.071 0.108 0.142 0.174 0.203 0.230 0.257 0.283 0.308 0.331
00439266.xml true 00355 0.935 0.935 0.211 0.271 0.326 0.374 0.413 0.448 0.480 0.508 0.533 0.557
00439414.xml true 02052 0.156 0.156 0.081 0.127 0.171 0.211 0.248 0.282 0.314 0.343 0.371 0.397
00439030.xml false 01287 0.423 0.382 0.210 0.293 0.373 0.443 0.501 0.549 0.590 0.625 0.654 0.680
00439034.xml true 02001 0.163 0.163 0.094 0.137 0.180 0.222 0.260 0.296 0.329 0.359 0.388 0.415
00439353.xml true 02001 0.156 0.156 0.089 0.131 0.173 0.214 0.251 0.285 0.317 0.346 0.373 0.399
00439390.xml true 02008 0.179 0.179 0.091 0.142 0.193 0.240 0.283 0.322 0.358 0.391 0.421 0.449
00439335.xml true 01964 0.205 0.205 0.088 0.145 0.204 0.257 0.303 0.343 0.380 0.412 0.443 0.471
00439214.xml true 01962 0.756 0.756 0.373 0.499 0.594 0.660 0.710 0.747 0.777 0.801 0.820 0.837
00439231.xml true 01912 0.174 0.174 0.094 0.138 0.185 0.229 0.269 0.306 0.339 0.371 0.400 0.428
00439092.xml true 02052 0.175 0.175 0.096 0.142 0.188 0.231 0.270 0.305 0.339 0.370 0.399 0.426
00439309.xml true 01982 0.155 0.155 0.087 0.126 0.167 0.205 0.241 0.274 0.304 0.332 0.358 0.383
00439082.xml false 01677 0.154 0.155 0.083 0.125 0.167 0.207 0.243 0.277 0.308 0.337 0.364 0.389
00439129.xml true 02046 0.315 0.315 0.095 0.141 0.188 0.230 0.270 0.306 0.340 0.373 0.403 0.431
00439195.xml true 01972 0.435 0.435 0.108 0.158 0.214 0.266 0.313 0.355 0.392 0.426 0.456 0.485
00439241.xml true 01957 0.168 0.168 0.096 0.138 0.185 0.229 0.268 0.305 0.339 0.371 0.400 0.428
00439025.xml true 00842 0.423 0.423 0.196 0.291 0.369 0.430 0.480 0.522 0.558 0.590 0.617 0.642
00439212.xml true 02011 0.209 0.209 0.102 0.158 0.215 0.269 0.317 0.361 0.401 0.437 0.471 0.502
00439160.xml true 01910 0.237 0.237 0.134 0.202 0.268 0.324 0.372 0.414 0.451 0.484 0.514 0.541
00439126.xml true 02031 0.173 0.173 0.100 0.148 0.199 0.247 0.291 0.330 0.367 0.400 0.431 0.459
00439296.xml true 01939 0.187 0.187 0.092 0.142 0.191 0.234 0.273 0.308 0.339 0.368 0.395 0.419
00439109.xml true 02060 0.140 0.140 0.084 0.123 0.161 0.197 0.229 0.259 0.287 0.313 0.337 0.361
00439237.xml true 01899 0.166 0.166 0.095 0.140 0.186 0.227 0.265 0.301 0.334 0.364 0.393 0.419
00439152.xml true 02033 0.190 0.190 0.094 0.146 0.200 0.250 0.294 0.333 0.368 0.401 0.431 0.458
00439406.xml true 01985 0.187 0.187 0.096 0.149 0.200 0.247 0.289 0.327 0.362 0.395 0.424 0.452
00439134.xml true 01953 0.172 0.172 0.086 0.132 0.179 0.225 0.266 0.304 0.339 0.372 0.402 0.430
00439140.xml true 02023 0.184 0.184 0.093 0.145 0.199 0.251 0.298 0.340 0.377 0.410 0.441 0.470
00439314.xml true 01966 0.186 0.186 0.089 0.137 0.186 0.232 0.273 0.311 0.346 0.379 0.410 0.439
00439147.xml true 01997 0.150 0.150 0.089 0.133 0.174 0.213 0.249 0.282 0.313 0.342 0.368 0.393
00439094.xml false 01729 0.158 0.158 0.082 0.124 0.164 0.201 0.235 0.266 0.294 0.321 0.346 0.370
00439359.xml true 01985 0.191 0.191 0.104 0.157 0.209 0.257 0.300 0.341 0.377 0.411 0.442 0.471
00439334.xml true 01990 0.352 0.352 0.164 0.246 0.321 0.385 0.439 0.485 0.525 0.560 0.591 0.619
00439293.xml true 01950 0.253 0.253 0.132 0.197 0.263 0.324 0.378 0.426 0.469 0.506 0.540 0.569
00439412.xml true 02020 0.164 0.164 0.092 0.140 0.188 0.232 0.272 0.308 0.342 0.372 0.401 0.427
00439202.xml true 01964 0.170 0.170 0.093 0.138 0.187 0.230 0.270 0.306 0.339 0.370 0.399 0.426
00439242.xml true 02027 0.187 0.187 0.103 0.157 0.211 0.259 0.303 0.342 0.379 0.413 0.444 0.473
00439247.xml true 01998 0.276 0.276 0.121 0.198 0.271 0.336 0.393 0.442 0.485 0.522 0.555 0.584
00439295.xml true 01904 0.189 0.189 0.096 0.148 0.203 0.253 0.299 0.340 0.378 0.412 0.444 0.473
00439089.xml true 02047 0.137 0.137 0.070 0.109 0.149 0.186 0.218 0.248 0.276 0.302 0.326 0.349
00439227.xml true 01961 0.183 0.183 0.103 0.152 0.200 0.246 0.286 0.323 0.359 0.391 0.421 0.449
00439370.xml true 02006 0.218 0.218 0.108 0.177 0.241 0.298 0.348 0.392 0.432 0.467 0.499 0.528
00439419.xml true 02015 0.138 0.138 0.075 0.116 0.156 0.193 0.228 0.260 0.289 0.316 0.342 0.366
00439091.xml true 02000 0.144 0.144 0.088 0.128 0.171 0.212 0.249 0.283 0.315 0.345 0.372 0.398
00439066.xml true 02024 0.176 0.176 0.095 0.149 0.198 0.241 0.280 0.316 0.348 0.378 0.405 0.431
00439106.xml true 02036 0.144 0.144 0.083 0.120 0.157 0.192 0.224 0.255 0.283 0.310 0.335 0.359
00439040.xml true 02048 0.155 0.155 0.084 0.125 0.167 0.208 0.245 0.280 0.312 0.342 0.370 0.396
00439258.xml true 01936 0.296 0.296 0.155 0.232 0.311 0.380 0.439 0.490 0.535 0.573 0.606 0.636
00439197.xml false 01595 0.202 0.202 0.098 0.150 0.203 0.252 0.296 0.336 0.373 0.408 0.439 0.469
00439276.xml true 01852 0.237 0.237 0.111 0.177 0.239 0.293 0.341 0.383 0.421 0.456 0.486 0.514
00439330.xml true 02002 0.165 0.165 0.088 0.133 0.180 0.223 0.263 0.300 0.334 0.366 0.395 0.423
00439033.xml true 02012 0.154 0.154 0.079 0.122 0.164 0.204 0.241 0.275 0.307 0.336 0.363 0.389
00439235.xml true 01964 0.164 0.164 0.086 0.131 0.179 0.224 0.264 0.301 0.335 0.366 0.395 0.421
00439426.xml false 01163 0.555 0.375 0.181 0.265 0.344 0.410 0.465 0.512 0.552 0.587 0.617 0.644
00439403.xml true 01965 0.163 0.163 0.081 0.128 0.174 0.217 0.255 0.289 0.321 0.351 0.378 0.404
00439173.xml true 01959 0.283 0.283 0.127 0.198 0.268 0.331 0.386 0.434 0.476 0.512 0.544 0.572
00439394.xml false 01798 0.184 0.184 0.086 0.143 0.196 0.243 0.284 0.320 0.354 0.384 0.413 0.439
00439133.xml false 02009 0.161 0.161 0.092 0.138 0.184 0.226 0.266 0.301 0.334 0.365 0.394 0.420
00439155.xml true 01944 0.146 0.146 0.084 0.121 0.161 0.198 0.233 0.266 0.297 0.326 0.353 0.378
00439186.xml true 01965 0.294 0.294 0.125 0.203 0.285 0.353 0.410 0.458 0.499 0.536 0.568 0.596
00439327.xml true 01918 0.310 0.310 0.154 0.226 0.301 0.364 0.416 0.460 0.498 0.532 0.562 0.589
00439188.xml true 01968 0.245 0.245 0.086 0.135 0.189 0.240 0.284 0.324 0.360 0.394 0.424 0.453
00439319.xml true 01878 0.300 0.300 0.101 0.149 0.198 0.241 0.282 0.320 0.355 0.387 0.416 0.444
00439098.xml true 02012 0.151 0.151 0.085 0.126 0.166 0.203 0.239 0.272 0.302 0.331 0.358 0.383
00439270.xml true 01959 0.189 0.189 0.090 0.135 0.181 0.223 0.262 0.298 0.332 0.363 0.392 0.419
00439120.xml true 01972 0.172 0.172 0.098 0.145 0.195 0.241 0.282 0.320 0.355 0.388 0.419 0.447
00439395.xml true 02014 0.168 0.168 0.090 0.135 0.179 0.218 0.255 0.288 0.319 0.348 0.375 0.400
00439362.xml true 01993 0.383 0.383 0.203 0.294 0.377 0.445 0.500 0.546 0.585 0.619 0.649 0.675
00439204.xml true 01945 0.177 0.177 0.094 0.143 0.191 0.235 0.275 0.311 0.343 0.373 0.401 0.426
00439262.xml true 01974 0.187 0.187 0.093 0.147 0.199 0.245 0.287 0.325 0.360 0.392 0.422 0.450
00439026.xml false 01128 0.288 0.147 0.084 0.126 0.168 0.205 0.240 0.274 0.305 0.335 0.364 0.391
00439056.xml true 02037 0.125 0.125 0.068 0.106 0.141 0.173 0.203 0.232 0.260 0.286 0.312 0.336
00439378.xml true 02012 0.314 0.314 0.157 0.229 0.302 0.365 0.419 0.464 0.503 0.538 0.569 0.597
00439240.xml true 01938 0.160 0.160 0.094 0.138 0.182 0.223 0.261 0.296 0.329 0.359 0.387 0.413
00439043.xml true 01959 0.140 0.140 0.075 0.116 0.156 0.192 0.227 0.259 0.289 0.317 0.344 0.368
00439361.xml true 01982 0.251 0.251 0.111 0.177 0.241 0.299 0.351 0.397 0.438 0.475 0.508 0.539
00439301.xml true 01824 0.156 0.156 0.088 0.127 0.173 0.215 0.253 0.289 0.322 0.353 0.382 0.409
00439062.xml false 01616 0.181 0.181 0.090 0.143 0.198 0.247 0.291 0.331 0.366 0.398 0.428 0.456
00439282.xml true 01992 0.206 0.206 0.108 0.163 0.219 0.270 0.315 0.356 0.393 0.427 0.458 0.486
00439312.xml true 01969 0.168 0.168 0.093 0.139 0.186 0.229 0.268 0.303 0.335 0.365 0.393 0.419
00439216.xml true 01936 0.221 0.221 0.126 0.189 0.252 0.306 0.354 0.396 0.433 0.467 0.497 0.525
00439153.xml true 01940 0.241 0.241 0.120 0.179 0.239 0.296 0.346 0.389 0.429 0.464 0.497 0.527
00439272.xml true 01975 0.307 0.307 0.127 0.203 0.278 0.343 0.398 0.446 0.489 0.526 0.559 0.589
00439248.xml true 01964 0.209 0.209 0.096 0.150 0.206 0.257 0.303 0.344 0.383 0.418 0.450 0.480
00439122.xml true 01986 0.223 0.223 0.115 0.177 0.237 0.291 0.338 0.380 0.418 0.452 0.484 0.513
00439047.xml true 02019 0.285 0.285 0.132 0.205 0.273 0.329 0.375 0.415 0.451 0.483 0.512 0.538
00439347.xml true 01965 0.168 0.168 0.091 0.136 0.182 0.224 0.262 0.298 0.330 0.361 0.389 0.415
00439077.xml true 02010 0.138 0.138 0.078 0.114 0.151 0.185 0.217 0.246 0.273 0.299 0.323 0.346
00439340.xml true 01992 0.147 0.147 0.074 0.116 0.157 0.194 0.230 0.262 0.292 0.321 0.347 0.372
00439252.xml true 01961 0.152 0.152 0.093 0.136 0.178 0.217 0.253 0.288 0.319 0.349 0.376 0.402
00439178.xml false 01958 0.175 0.175 0.095 0.139 0.187 0.231 0.272 0.310 0.344 0.375 0.404 0.431
00439207.xml true 01947 0.220 0.220 0.116 0.170 0.225 0.278 0.323 0.363 0.399 0.431 0.461 0.489
00439418.xml true 02030 0.161 0.161 0.083 0.129 0.174 0.215 0.252 0.286 0.318 0.347 0.375 0.400
00439079.xml true 02038 0.156 0.156 0.091 0.139 0.184 0.226 0.266 0.303 0.337 0.368 0.398 0.425
00439416.xml true 01991 0.171 0.171 0.084 0.130 0.177 0.220 0.258 0.293 0.325 0.355 0.383 0.409
00439135.xml true 01992 0.195 0.195 0.107 0.159 0.210 0.256 0.298 0.337 0.373 0.407 0.439 0.469
00439074.xml true 02037 0.143 0.143 0.085 0.122 0.159 0.196 0.230 0.261 0.291 0.319 0.346 0.371
00439119.xml true 01985 0.185 0.185 0.090 0.134 0.181 0.223 0.261 0.296 0.328 0.357 0.383 0.408
00439148.xml true 02000 0.177 0.177 0.095 0.144 0.193 0.236 0.274 0.308 0.339 0.367 0.393 0.418
00439069.xml true 02016 0.159 0.159 0.091 0.138 0.185 0.228 0.267 0.304 0.338 0.369 0.398 0.426
00439349.xml true 01961 0.159 0.159 0.084 0.121 0.161 0.201 0.239 0.274 0.306 0.336 0.364 0.390
00439379.xml true 01998 0.176 0.176 0.094 0.145 0.192 0.235 0.274 0.310 0.344 0.375 0.404 0.431
00439110.xml true 01982 0.145 0.145 0.079 0.117 0.156 0.193 0.228 0.260 0.290 0.318 0.344 0.368
00439291.xml true 01901 0.189 0.189 0.105 0.144 0.188 0.232 0.273 0.311 0.346 0.378 0.408 0.436
00439213.xml true 01966 0.369 0.369 0.185 0.261 0.331 0.391 0.441 0.484 0.521 0.554 0.583 0.608
00439059.xml true 02037 0.198 0.198 0.107 0.159 0.211 0.259 0.302 0.341 0.376 0.408 0.437 0.464
00439068.xml true 02039 0.129 0.129 0.075 0.112 0.147 0.180 0.211 0.240 0.268 0.294 0.318 0.342
00439259.xml true 01915 0.195 0.195 0.117 0.170 0.221 0.267 0.308 0.346 0.380 0.412 0.442 0.470
00439307.xml true 01912 0.148 0.148 0.078 0.117 0.156 0.191 0.224 0.254 0.282 0.310 0.336 0.361
00439356.xml true 01938 0.251 0.251 0.143 0.206 0.271 0.328 0.377 0.421 0.459 0.494 0.524 0.552
00439124.xml true 02000 0.165 0.165 0.089 0.130 0.173 0.213 0.251 0.285 0.317 0.347 0.375 0.401
00439407.xml true 02025 0.169 0.169 0.087 0.135 0.185 0.230 0.271 0.308 0.342 0.373 0.402 0.429
00439084.xml true 02022 0.174 0.174 0.099 0.145 0.194 0.240 0.281 0.319 0.354 0.386 0.415 0.443
00439038.xml true 02014 0.137 0.137 0.080 0.121 0.160 0.196 0.229 0.261 0.290 0.319 0.345 0.370
00439408.xml true 01963 0.170 0.170 0.093 0.140 0.186 0.228 0.266 0.301 0.333 0.363 0.391 0.417
00439302.xml true 01836 0.144 0.144 0.083 0.123 0.162 0.198 0.231 0.263 0.293 0.321 0.348 0.374
00439132.xml true 01988 0.321 0.321 0.096 0.148 0.202 0.251 0.294 0.332 0.367 0.399 0.428 0.455
00439274.xml true 01972 0.240 0.240 0.118 0.186 0.252 0.310 0.360 0.404 0.443 0.478 0.510 0.538
00439288.xml true 01943 0.171 0.171 0.098 0.138 0.180 0.221 0.259 0.293 0.326 0.356 0.384 0.411
00439032.xml false 00537 0.635 0.423 0.189 0.265 0.339 0.399 0.448 0.489 0.525 0.555 0.583 0.607
00439205.xml true 01971 0.155 0.155 0.086 0.130 0.177 0.221 0.262 0.299 0.333 0.365 0.394 0.422
00439200.xml true 01961 0.245 0.245 0.112 0.170 0.231 0.283 0.328 0.369 0.406 0.440 0.471 0.500
00439176.xml true 01946 0.230 0.230 0.095 0.137 0.182 0.223 0.260 0.295 0.326 0.356 0.384 0.410
00439411.xml false 01736 0.195 0.195 0.103 0.156 0.211 0.260 0.304 0.343 0.379 0.411 0.441 0.469
00439400.xml true 02073 0.153 0.153 0.079 0.127 0.172 0.212 0.248 0.282 0.314 0.343 0.371 0.396
00439357.xml true 02018 0.155 0.155 0.086 0.132 0.177 0.217 0.255 0.290 0.322 0.351 0.379 0.405
00439393.xml true 02001 0.177 0.177 0.088 0.143 0.197 0.246 0.289 0.328 0.363 0.396 0.426 0.454
00439382.xml true 02012 0.155 0.155 0.088 0.131 0.173 0.211 0.246 0.279 0.310 0.338 0.365 0.390
00439159.xml true 01634 0.340 0.340 0.157 0.190 0.225 0.260 0.293 0.324 0.353 0.380 0.405 0.430
00439383.xml true 01654 0.162 0.162 0.095 0.139 0.182 0.223 0.261 0.296 0.329 0.359 0.388 0.414
00439238.xml true 01984 0.224 0.224 0.116 0.168 0.223 0.273 0.318 0.359 0.396 0.430 0.460 0.489
00439369.xml true 01555 0.219 0.219 0.103 0.161 0.215 0.265 0.309 0.347 0.381 0.412 0.440 0.466
00439144.xml true 02024 0.178 0.178 0.093 0.139 0.187 0.232 0.274 0.311 0.346 0.377 0.406 0.433
00439097.xml true 02026 0.148 0.148 0.084 0.127 0.168 0.205 0.239 0.271 0.300 0.327 0.352 0.376
00439337.xml true 02007 0.193 0.193 0.095 0.149 0.208 0.263 0.309 0.350 0.387 0.420 0.450 0.478
00439331.xml true 01993 0.172 0.172 0.092 0.141 0.188 0.231 0.270 0.306 0.340 0.371 0.400 0.427
00439037.xml true 02026 0.157 0.157 0.088 0.133 0.180 0.224 0.265 0.302 0.337 0.370 0.400 0.429
00439275.xml false 01610 0.216 0.218 0.099 0.149 0.201 0.248 0.289 0.327 0.361 0.393 0.422 0.450
